              precision    recall  f1-score   support

           0     0.9848    0.9918    0.9883       980
           1     0.9929    0.9912    0.9921      1135
           2     0.9742    0.9874    0.9808      1032
           3     0.9773    0.9822    0.9798      1010
           4     0.9828    0.9868    0.9848       982
           5     0.9898    0.9809    0.9854       892
           6     0.9885    0.9854    0.9869       958
           7     0.9844    0.9815    0.9830      1028
           8     0.9814    0.9733    0.9773       974
           9     0.9840    0.9782    0.9811      1009

    accuracy                         0.9840     10000
   macro avg     0.9840    0.9839    0.9839     10000
weighted avg     0.9840    0.9840    0.9840     10000
